0,456
43,5
0,455
0,454
43,4
43,3
43,2
0,453
0,452
43,1
43,0
0,451
42,5
0,450
0,449
0,448
0,447
0,446
0,445
0,444
42,4
42,3
42,2
0,443
0,442
42,1
42,0
0,441
0,440
41,3
41,2
0,439
41,1
41,0
0,438
0,437
0,436
0,435
0,434
0,433
0,432
0,431
0,430
0,429
0,428
0,427
0,426
0,425
40,4
40,3
40,2
0,424
0,423
40,1
40,0
0,422
0,421
39,3
39,2
0,420
39,1
39,0
0,419
0,418
0,417
0,416
38,6
0,415
0,414
0,413
0,412
38,5
0,411
0,278
0,410
0,409
0,408
0,407
0,406
0,405
0,404
0,403
0,402
0,401
0,400
0,399
0,398
0,397
0,396
0,273
0,270
38,4
38,3
38,2
0,395
38,1
38,0
0,394
0,393
37,3
37,2
0,392
37,1
37,0
0,391
0,390
0,389
0,388
36,4
